Modelo: MLNN, Loss: CrossEntropy, Optimizer: SGD
Resultados:
Confusion Matrix:
[[170   1   2  49   7  15   0   0]
 [  0 598   0   8   1   0  17   0]
 [  4   1 273   9   9   2  10   3]
 [ 18   9  10 478  10  20  34   0]
 [  5   0  14  11 207   0   6   0]
 [  3   1   2  58   4 212   4   0]
 [  2  14   6  15   1   1 627   0]
 [  0   0   0   0   0   0   0 470]]
F1 Score: 0.886402188379983

--------------------------------------------------
Modelo: MLNN, Loss: CrossEntropy, Optimizer: Adam
Resultados:
Confusion Matrix:
[[187   1   2  36   2  16   0   0]
 [  4 596   1  12   0   2   9   0]
 [  2   0 280  15   6   1   6   1]
 [ 32   7   9 466  19  28  18   0]
 [  5   0  12  14 208   0   4   0]
 [ 10   0   2  56   4 209   3   0]
 [  1  20   8  37   5   2 592   1]
 [  0   0   0   0   0   0   0 470]]
F1 Score: 0.8798768649686783

--------------------------------------------------
Modelo: MLNN, Loss: NLL, Optimizer: SGD
Resultados:
Confusion Matrix:
[[181   1   3  46   3  10   0   0]
 [  0 603   0   8   1   1  11   0]
 [  2   1 286   8   2   1   8   3]
 [ 27  16  22 458   9  25  22   0]
 [  6   0  26  15 191   2   3   0]
 [  9   0   4  48   3 218   2   0]
 [  2  18  17  25   3   1 600   0]
 [  0   0   1   0   0   0   0 469]]
F1 Score: 0.8784898047110765

--------------------------------------------------
Modelo: MLNN, Loss: NLL, Optimizer: Adam
Resultados:
Confusion Matrix:
[[182   1   1  37   5  18   0   0]
 [  3 596   0  10   1   2  12   0]
 [  2   1 279  12  10   2   3   2]
 [ 33  10   9 459  23  29  16   0]
 [  4   0  10   8 215   4   2   0]
 [ 11   0   2  40   4 227   0   0]
 [  3  18  11  35   5   3 591   0]
 [  0   0   0   0   0   0   0 470]]
F1 Score: 0.8829738422551942

--------------------------------------------------
Modelo: CNN, Loss: CrossEntropy, Optimizer: SGD
Resultados:
Confusion Matrix:
[[223   2   0  10   1   7   1   0]
 [  3 614   0   2   0   2   3   0]
 [  1   2 293   8   1   1   4   1]
 [ 18   1   6 511   6  25  12   0]
 [  0   0   3  11 228   1   0   0]
 [  4   0   1  22   5 252   0   0]
 [  1   3   3  15   1   1 642   0]
 [  0   0   0   0   0   0   0 470]]
F1 Score: 0.9451496230548934

--------------------------------------------------
Modelo: CNN, Loss: CrossEntropy, Optimizer: Adam
Resultados:
Confusion Matrix:
[[218   1   0  15   2   8   0   0]
 [  3 617   0   1   0   1   2   0]
 [  1   0 293  13   0   0   2   2]
 [ 15   2   4 510  11  25  12   0]
 [  1   0   2   8 230   2   0   0]
 [  2   0   1  19   2 260   0   0]
 [  1   3   4  14   0   0 644   0]
 [  0   0   0   0   0   0   0 470]]
F1 Score: 0.9477732776764777

--------------------------------------------------
Modelo: CNN, Loss: NLL, Optimizer: SGD
Resultados:
Confusion Matrix:
[[219   2   0  14   0   9   0   0]
 [  2 616   0   3   0   1   2   0]
 [  2   3 290   9   1   2   4   0]
 [ 13   5   7 509   6  26  13   0]
 [  2   0   3   9 225   3   1   0]
 [  1   0   0  31   7 244   1   0]
 [  0   3   2  17   0   1 643   0]
 [  0   0   1   0   0   0   0 469]]
F1 Score: 0.9399047706278959

--------------------------------------------------
Modelo: CNN, Loss: NLL, Optimizer: Adam
Resultados:
Confusion Matrix:
[[214   0   0  17   4   9   0   0]
 [  2 621   0   0   0   1   0   0]
 [  2   2 289  12   0   1   3   2]
 [ 14   3   7 511   7  26  11   0]
 [  2   0   2   6 230   3   0   0]
 [  1   0   1  24   4 253   1   0]
 [  1   3   2  14   0   0 646   0]
 [  0   0   0   0   0   0   0 470]]
F1 Score: 0.9453847470952703

--------------------------------------------------
